% Model:                
% Version:              COMSOL 4.1.0.88
% Date:                 Apr 19 2023, 14:40
% Dimension:            1
% Nodes:                368
% Expressions:          1
% Description:          Line graph
% cutx_                   Height
0                         0.09578779984027472
0.004702280957298358      0.09579100495555176
0.006745478333713408      0.09578747166798632
0.010040538131540312      0.09577548674391444
0.014766627278248597      0.09574474788337264
0.017683574133026708      0.09571780761032356
0.02031937301627847       0.0956845298285895
0.027589112195139095      0.09556879948697268
0.029533254556497184      0.09553189266784079
0.03462925109607729       0.09542322134083189
0.03629084456179486       0.09538327700308623
0.041306114499666494      0.09525277575128255
0.044539049676796526      0.09514771185961639
0.046985379358721636      0.09505909637579874
0.049017205596222704      0.09498447837366158
0.05071734789060002       0.09492094012704673
0.05818230991638634       0.09468280098426342
0.05945504680626234       0.09463894571822648
0.06303451008817243       0.09451052482845228
0.06929197782644703       0.09425712182456593
0.0710418269036394        0.09418277299969141
0.07161970409151298       0.09415788500841467
0.07414328203246978       0.09404725197377584
0.08165764424585865       0.09369905382666617
0.08698511920826572       0.09343516607556904
0.08855960553170435       0.09335447222011654
0.09121526176411032       0.09321557190299477
0.09180773199485838       0.09318292605531978
0.09283378240950176       0.09312609019121942
0.09320528836269305       0.09310541786975965
0.09573973062737438       0.0929630627413396
0.0970073287728033        0.09289099567072565
0.10084970062643778       0.09266900678984602
0.10426631311973686       0.09246714723258682
0.1051557405216264        0.09241390823458719
0.10693457508010226       0.09230657628402347
0.11001033346458128       0.09211902357742618
0.11575732119191648       0.09176102078625495
0.11918519963179276       0.0915427924454585
0.11926222725036852       0.09153804215376393
0.12171373536602498       0.09138589963848814
0.12590449273480442       0.0911215156727331
0.12987456916577927       0.09086604636691299
0.13113437832022873       0.09078396094441608
0.13328168577888977       0.0906543129654457
0.1356292845613642        0.09051109274119258
0.13744201814771523       0.09039944588920085
0.13865606241120124       0.09032415738097349
0.1469340459263489        0.08974660774315385
0.14742469726742113       0.08971185972794088
0.1509759898278038        0.0894699598215411
0.1528865775139613        0.08933812246788657
0.1554784726277923        0.08915396233375322
0.16558212148695356       0.08842080623796023
0.16734494219572627       0.08829039981734185
0.16876311334333433       0.08818495221165903
0.17051738679928785       0.08805385138162466
0.18135489481276257       0.08722769620127822
0.1843761225169199        0.08699226959151349
0.18475111245423892       0.08696289657397348
0.18499966820038916       0.08694340863787402
0.18504990609990898       0.08693946795652202
0.1854103483647194        0.08691117702248778
0.18577924904783918       0.08688275205048826
0.1858987177596615        0.08687354089709229
0.18646997008237776       0.08682619623924433
0.19657091502024174       0.08598597454331651
0.20158449914538934       0.08556677523576314
0.2049972693909195        0.08529361487970442
0.20588405639290494       0.08522232410167561
0.20800974065251476       0.08505091200677008
0.21162991661409264       0.08475728539046483
0.21462823649219182       0.08451247386143551
0.21653738894860572       0.08435582628131334
0.21675330715575014       0.08433807249008132
0.21980471414692468       0.08408635649639583
0.22703028136747055       0.08348423467937906
0.22868730627097006       0.08334320381210042
0.23052220228253759       0.08318646198623554
0.23285243760760327       0.08298654017611656
0.23730561179820017       0.0826214878066957
0.23746148078702717       0.08260868329453257
0.237762702171699         0.08258393301903162
0.2380659437742448        0.08255919187732266
0.24798984480851127       0.08173699135813388
0.2536156666012208        0.08123600930918161
0.2553741237972981        0.08107880780592053
0.25694758098963233       0.08093789850788884
0.26222892985052776       0.08046323197696187
0.26359369070408933       0.08034014657273919
0.27032915703247334       0.07973012325930494
0.271882830044882         0.07958880383438102
0.27646801489254424       0.07917042083867158
0.27661374218615675       0.07915709131255706
0.2830561662760691        0.0785658152559545
0.2859927478355567        0.07828340507196281
0.2870464643650745        0.07818271989289458
0.28705278958765923       0.07818211520439483
0.2870592292684167        0.07818156294584619
0.28830098932749865       0.07807501393586848
0.2902537958502627        0.0778903544325447
0.29189158403482035       0.07776279510818004
0.29940023134880495       0.07706261516767308
0.2996003733009557        0.07704389042178969
0.30198728885109516       0.07682033065158136
0.30285255848978915       0.07673917678508908
0.3037987420148696        0.07665036561118209
0.3062221069144848        0.07642257672483031
0.3078104892706436        0.07627301944659326
0.3130867568007897        0.0757747771947057
0.31388360195662635       0.07569933740756718
0.31917879472481214       0.07519673834443344
0.3194878573529265        0.07516724303541872
0.3208201280525872        0.07504002700083555
0.3260580605393162        0.07453874707006004
0.32701810007574833       0.07444651969249795
0.3303117875931112        0.07411244903478917
0.3312686357277195        0.07401460064470566
0.33672659731855137       0.07349163958329799
0.3378187693903896        0.07338757859098419
0.3487695386867162        0.07233978673979395
0.3497731073539724        0.07224387362414214
0.35329376054324213       0.07190682660862292
0.3538002645178696        0.07185826372301751
0.354349298727356         0.07180560232459943
0.3557754158595146        0.07166871329587564
0.3574429634784858        0.07150846509836215
0.366829338498632         0.07060273277570223
0.3679788166293736        0.07049138048346391
0.37339665522527044       0.06996729013325852
0.37340437431828677       0.06996654172678185
0.37361201680753675       0.06994640787876143
0.3788303557045028        0.06943926336367318
0.378933181832208         0.06942906223477253
0.38638867390884263       0.06868771128024076
0.391597246189876         0.06816778563560558
0.3920907639018098        0.06811880786954962
0.3929148701007331        0.0680369949054811
0.3954204978419165        0.06778804271917269
0.39698801642652737       0.06763214038655052
0.4011773185647685        0.0672148835622649
0.40545450557300733       0.06678797689519596
0.4071714810364845        0.06661635054234244
0.4075863842727367        0.06657485552574562
0.41115085463880624       0.06621801703210128
0.41250808674426154       0.06608316287421029
0.41332344703279444       0.06600215176981038
0.418844030033504         0.06545370364980235
0.42226448018737406       0.0651074880657879
0.4241070097706025        0.064919423621509
0.4309856798942168        0.06420764637240524
0.43099530320476875       0.06420663989351408
0.430998095678336         0.06420636017897305
0.43452505965061095       0.06385278708669681
0.43466972985261515       0.06383827187628065
0.4351080524331434        0.06379630957009065
0.44230229077963834       0.063105413247119
0.44457141192373584       0.06288665259233109
0.44726550321857284       0.06262639454728605
0.4506196700761326        0.06230157146130451
0.45164970156628237       0.06219778379743542
0.4520023260880624        0.06216227492405524
0.4560086685192697        0.06175963442532152
0.45602231201488636       0.06175826573547676
0.4562596128320253        0.06173446286901225
0.46085188978757985       0.061274834329451786
0.4617128663932899        0.0611888748410539
0.4646859658962084        0.0608851474126565
0.46619901986405154       0.060730521846358215
0.46779194099714594       0.06056769478594301
0.4726248381248121        0.060073432031277525
0.47371255375469734       0.05996213937931993
0.4833188430232657        0.05898304265143219
0.48503305566023835       0.05881094889382661
0.48831635143290664       0.058481044210828476
0.48880342699305873       0.05843207086088926
0.49362122825106874       0.05794721457421257
0.4959278516226786        0.05771479196909549
0.49726702996114003       0.05757868906875523
0.5021487429723229        0.0570823439123901
0.5028028201458696        0.057015816145682935
0.5053405388400789        0.05675764301380134
0.505751540637778         0.05671582169236353
0.5058197148000662        0.05670888443368133
0.5085907096501958        0.05642685980777848
0.511510513947416         0.05613148798208853
0.5179635147431766        0.055477453166179594
0.5235504826110956        0.05490985395686015
0.524768610446893         0.05478625496597382
0.5317373967048079        0.05408022297968796
0.5337873272610458        0.05387451840807094
0.5376917080583425        0.053483305100012854
0.5386267496909676        0.05338972816547106
0.5415557174153598        0.053096885774457314
0.5434183835295032        0.052910876399616766
0.5443657527001594        0.05281633672655857
0.545107267618951         0.05274237086077928
0.5529712381074139        0.05195963063998695
0.5540508684891128        0.0518535550198018
0.5555673355419393        0.05170447850494066
0.5570428540774143        0.051558720672244304
0.5587935745936465        0.051385781532299314
0.5639194221063981        0.05087946836366442
0.5674117909138272        0.050534527299930465
0.5696152067926206        0.050316905561511215
0.5699091890584799        0.05028726455565991
0.5791551439617126        0.049355395422811095
0.5865050932646           0.048615118931752896
0.5869562804857298        0.048569690436351544
0.5886595657726075        0.04839820753480282
0.5912561932311542        0.04813450030506536
0.5920130324013243        0.04805778053478097
0.5984930838733653        0.047414579545775645
0.600443239364993         0.047221104056769034
0.6039192176880932        0.04687635938538717
0.6051621691148694        0.046753118114604975
0.609807829430234         0.04629264788845397
0.6138306488136082        0.04590271960170833
0.6159777366726553        0.045694270876246876
0.6160810371701236        0.04568423931166199
0.618579274411947         0.04544155876594049
0.6224336578095013        0.04506685700696378
0.6227365574891413        0.04503739616509357
0.6228480194235374        0.045026554539876924
0.6228727266842515        0.0450241512870089
0.6261014772735072        0.04470997171210998
0.6279801950174241        0.044527048213908085
0.6282028416470764        0.04450508692436956
0.6301795974968429        0.0443101424129132
0.6340848562285799        0.04392521062193709
0.6347835381137494        0.043856371070172664
0.6380933774012979        0.04353037477228417
0.6405934200673484        0.04328426342571974
0.6438728941821874        0.04295888977511533
0.6467734422322996        0.042677216030827074
0.6502877859223818        0.042336934609718435
0.650902746630269         0.04227750260044491
0.6522586372737984        0.04214658280155122
0.6524177106703031        0.04213123393315464
0.6570047926936624        0.04168959405675997
0.6582917943253721        0.0415660175523877
0.6595109558641573        0.041449090285877364
0.6609625271584191        0.041310044757127753
0.6616059330784937        0.041248472810315066
0.6628002262750381        0.041134279855284325
0.670975437327313         0.040364582385412254
0.6738244279852825        0.0400905720958815
0.6772906281696026        0.03975145892814769
0.6799407538128298        0.03949379434421787
0.6804710747858129        0.03944240004111866
0.6805254055234992        0.0394371379095714
0.6822548109529563        0.03927572784758551
0.6839829554214099        0.03911466143244436
0.6898514924569408        0.038569388306572305
0.6900702898973349        0.038549109183981155
0.6910164706948072        0.03846145461195982
0.6977620182357235        0.037838506453846704
0.6980605107768267        0.03781084260924036
0.69813982619048          0.037803492724859625
0.6998289603933494        0.037647061230147015
0.7009267597599073        0.037544948648403034
0.7012172491465914        0.03751757596084904
0.7013854248116654        0.037501731413620905
0.7068561257217374        0.036987341918026446
0.7132065042647838        0.03639274264221039
0.715404455599836         0.03618757032097822
0.7177334691378701        0.035973469778358615
0.722222000801875         0.035562639756516086
0.7244167380634271        0.03536261593341791
0.7309410468763883        0.03477133100358064
0.7326362148654579        0.034618516282284684
0.7368927646122191        0.03423628176633587
0.741979209952701         0.033784593046588984
0.7467405040954485        0.03336478842480862
0.7489994091974345        0.03316663810740091
0.7495425742680165        0.03311908956984087
0.750179952474413         0.03306334193958297
0.755005547601105         0.03264432489766269
0.7562058310818274        0.03254058180616894
0.7593515968559355        0.03226959410647123
0.7601614656740705        0.03220004173720731
0.7614961237098284        0.032085609943296026
0.7647963438921989        0.03179934932696835
0.7698326196343919        0.031365862328057006
0.7723159853348411        0.03115374561455328
0.7734447402919324        0.03105760182454057
0.7768624652566763        0.030767515318459664
0.7810263041565093        0.030419349872190513
0.7863872412614882        0.02997419404163064
0.7891059158837286        0.029749780067614123
0.7904632100678651        0.029638078329579674
0.7909285848566614        0.02959958530692832
0.7917065050018037        0.029535321956974663
0.7944638482569684        0.029308362067805967
0.8016778667779363        0.028720634229210267
0.8021373709195909        0.028683495645883298
0.8061592411052787        0.028363561688660634
0.8113108056161235        0.027958748667878012
0.8114483722517911        0.027948015374561177
0.8132687229103577        0.02780636313253868
0.813554599141818         0.027784180947672373
0.8172308652170659        0.02750046293790225
0.8181589682587724        0.027428383974213925
0.8236552502188879        0.027004345096325037
0.8270317866548806        0.026746235046209002
0.8285271197551195        0.026634292359783183
0.8310031725696694        0.026449725185207263
0.8331934386959723        0.026287285578368454
0.8340681129236284        0.02622237354329876
0.837569235422309         0.02596430486326995
0.8400292119728812        0.02578466345733181
0.8422157504161609        0.025626156863711183
0.844322495702401         0.025474473406537523
0.844830004659456         0.025438085665756113
0.8460609268782807        0.025350075879469747
0.8518341638041463        0.024940664445569104
0.8555575121591389        0.02468194900124384
0.8558653083163157        0.024660748840729087
0.8562767264911675        0.024632518820965607
0.8661187133676211        0.023971152435778003
0.8676692645560781        0.02386940056341677
0.8689967879955293        0.023782812799562805
0.8693400720156135        0.023760444438181476
0.8737150515269191        0.023477975141646137
0.8770464350750748        0.02326612397175198
0.8838647451716231        0.022841260371312358
0.8843043961987662        0.02281426731173469
0.8848170312977002        0.022782854865138483
0.8850630214981737        0.022767760030456115
0.8856502821541994        0.022731808899645645
0.88565879964256          0.022731288357343105
0.8860940088338104        0.022704724405035785
0.8900797886493976        0.022465559158365605
0.8964169987147319        0.02209731216160319
0.8980097955351456        0.022007076629715842
0.8997308893829875        0.02191062029928134
0.9033572093265065        0.0217109496634748
0.9082599939289258        0.02144867502438703
0.9099255822364806        0.021361583614081154
0.9142328260687221        0.021141088490829633
0.9165078627452001        0.02102848227807564
0.9171214134823344        0.020998426767029284
0.9199185076678864        0.020864529140278802
0.9236194479554625        0.020687555708528194
0.9250454538201989        0.020621624566214043
0.9293938242188691        0.020427787360457143
0.9329573522957308        0.02027784323291509
0.934593353290823         0.020210992279151647
0.9349367896294413        0.020197117497957953
0.9376593081930839        0.0200890786657267
0.9426454404632153        0.01990019367949382
0.9468577166930499        0.01974909607391221
0.9477666358451986        0.019717570519084016
0.9550732475964583        0.01947804604521575
0.9575753167645102        0.019401707635989737
0.9592320684093945        0.01935275576869623
0.9598909649822572        0.019334007715987502
0.9619760080997728        0.019276422539895727
0.9654250997328433        0.01918697673342546
0.9794725021456896        0.018904282644867668
0.9814155632517927        0.0188766806958779
0.9821416656919086        0.018867083510953363
0.9822713006305122        0.018865411136621206
0.9883473628413655        0.018800983040761495
0.9914970531136454        0.018778340978573147
0.9928829203643614        0.018770705103104524
0.9937900963629944        0.01876647671691916
1                         0.018767675975419614
